Result: t2w_counter: 1346
Result: t2wfs_counter: 1493
Result: dwi_counter: 1315
Result: dce_counter: 384
Result: dwi_num_stacks: [(1, 2), (2, 762), (3, 8), (7, 4), (8, 14), (9, 28), (10, 48)]
Result: t2wfs_num_slices: [(10, 1), (16, 3), (18, 84), (19, 1), (20, 90), (21, 13), (22, 69), (23, 3), (24, 371), (25, 6), (26, 280), (27, 20), (28, 82), (29, 6), (30, 26), (31, 1), (32, 396), (33, 4), (34, 8), (35, 5), (36, 18), (37, 2), (39, 2), (40, 2)]
Result: dce_num_slices_in_stack: [(1, 6), (4, 1), (10, 1), (28, 1), (29, 1), (35, 1), (40, 12), (41, 1), (50, 26), (60, 71), (64, 5), (68, 4), (70, 85), (71, 1), (72, 17), (75, 5), (76, 88), (80, 229), (82, 1), (84, 32), (85, 8), (88, 4), (90, 59), (91, 1), (92, 194), (96, 8), (100, 92), (104, 10), (108, 5), (112, 13), (116, 4), (120, 45), (130, 35), (131, 1), (132, 12), (140, 12), (150, 9), (152, 2), (153, 2), (160, 4), (175, 2), (176, 2), (180, 233), (200, 9)]
Result: dwi_no_bvalue_num_stacks: [(1, 427), (2, 21), (3, 1)]
Result: dwi_no_bvalue_num_instance_in_stack: [(1, 4), (16, 2), (22, 25), (24, 6), (26, 3), (27, 4), (30, 2), (32, 1), (33, 2), (36, 5), (38, 2), (40, 22), (42, 15), (44, 21), (46, 3), (48, 214), (50, 5), (52, 21), (54, 22), (56, 24), (58, 6), (60, 11), (62, 1), (64, 12), (66, 5), (68, 5), (70, 3), (72, 4), (74, 1), (78, 3), (80, 1), (90, 3), (96, 2), (102, 3), (110, 1), (111, 1), (114, 1), (132, 1), (144, 2), (150, 1), (174, 1), (198, 1)]
Result: dce_num_stacks: [(1, 71), (2, 8), (4, 294), (5, 5), (11, 6)]
Result: dwi_num_slices_in_stack: [(1, 1), (12, 2), (13, 2), (14, 8), (15, 85), (16, 73), (17, 384), (18, 496), (20, 152), (22, 88), (24, 234), (26, 514), (28, 133), (29, 4), (30, 52), (32, 140), (33, 2), (34, 14), (36, 30), (37, 2), (38, 2), (40, 4)]
Result: t2w_num_slices: [(5, 1), (9, 3), (15, 1), (16, 2), (18, 88), (19, 2), (20, 98), (21, 13), (22, 96), (23, 3), (24, 266), (25, 4), (26, 305), (27, 25), (28, 94), (29, 8), (30, 33), (31, 1), (32, 258), (33, 7), (34, 9), (35, 3), (36, 18), (37, 2), (39, 2), (40, 2), (42, 2)]
